    
01110011
                             
01100111
                             
11000110
                             
11001100
                             
10011100
                             
00011011
                             
11100110
                             
11001000
                             
00110011
                             
01100011
                             
11100110
                             
11001100
                             
10011100
                             
10011001
                             
00110001
                             
00110011
                             
01100111
                             
11000110
                             
10111001
                             
00110011
                             
01100011
                             
11100110
                             
11001110